Some((
    red: 1.0,
    green: 0.49411762,
    blue: 0.847059,
))