Some((
    red: 0.09019607,
    green: 0.08235294,
    blue: 0.16078432,
    alpha: 1.0,
))