Some((
    red: 0.031372547,
    green: 0.74901974,
    blue: 0.83137256,
))