Some((
    red: 0.8901961,
    green: 0.043137252,
    blue: 0.607843,
))